name="Perseus Arm"
gal_lon=[36,45,52,58,70,80,84,102,114,131,150,163,187,210,225,234,241]
gal_rad=[23100,25025,26180,27335,28875,29645,30030,31570,32340,32725,33110,33880,34650,35805,36190,37730,39270]
vel_object=200

name="Cygnus Arm"
gal_lon=[36,45,52,58,70,80,84,102,114,131,150,163,187,210,225,234,241]
gal_rad=[29225,31768,33710,34970,36330,37170,36740,40980,42470,41850,43555,44535,44810,45875,47400,51090,53130]
vel_object=200

name="Sagitarius Arm"
gal_lon=[36,45,52]
gal_rad=[21800,20350,21570]
vel_object=220

name="Orion Spur"
gal_lon=[70,80,85,103,150,210,220,235,240]
gal_rad=[25025,26180,26180,26565,27335,27335,28105,29645,29645]
vel_object=220

name="LSR"
gal_lon=[70,80,85,103,150,210,220,235,240]
gal_rad=[26000,26000,26000,27000,27000,27000,27000,27000,27000]
vel_object=220

name="9 kpc, 29340 ly"
gal_lon=[50,60,70,80,84,100,115,130,150,165,190,210,220,235,240]
gal_rad=[29340,29340,29340,29340,29340,29340,29340,29340,29340,29340,29340,29340,29340,29340,29340]
vel_object=200

name="10 kpc, 32600 ly"
gal_lon=[50,60,70,80,84,100,115,130,150,165,190,210,220,235,240]
gal_rad=[32600,32600,32600,32600,32600,32600,32600,32600,32600,32600,32600,32600,32600,32600,32600]
vel_object=200

name="11 kpc, 35860 ly"
gal_lon=[50,60,70,80,84,100,115,130,150,165,190,210,220,235,240]
gal_rad=[35860,35860,35860,35860,35860,35860,35860,35860,35860,35860,35860,35860,35860,35860,35860]
vel_object=200

name="12 kpc, 39120 ly"
gal_lon=[50,60,70,80,84,100,115,130,150,165,190,210,220,235,240]
gal_rad=[39120,39120,39120,39120,39120,39120,39120,39120,39120,39120,39120,39120,39120,39120,39120]
vel_object=200

name="13 kpc, 42380 ly"
gal_lon=[50,60,70,80,84,100,115,130,150,165,190,210,220,235,240]
gal_rad=[42380,42380,42380,42380,42380,42380,42380,42380,42380,42380,42380,42380,42380,42380,42380]
vel_object=200

name="14 kpc, 45640 ly"
gal_lon=[50,60,70,80,84,100,115,130,150,165,190,210,220,235,240]
gal_rad=[45640,45640,45640,45640,45640,45640,45640,45640,45640,45640,45640,45640,45640,45640,45640]
vel_object=200

name="15 kpc, 48900 ly"
gal_lon=[50,60,70,80,84,100,115,130,150,165,190,210,220,235,240]
gal_rad=[48900,48900,48900,48900,48900,48900,48900,48900,48900,48900,48900,48900,48900,48900,48900]
vel_object=200

name="16 kpc, 52160 ly"
gal_lon=[50,60,70,80,84,100,115,130,150,165,190,210,220,235,240]
gal_rad=[52160,52160,52160,52160,52160,52160,52160,52160,52160,52160,52160,52160,52160,52160,52160]
vel_object=200
